2
3
5
7
11
13
17
19
23
29
31
37
41
43
47
53
59
61
67
71
73
79
83
89
97
101
103
107
109
113
127
131
137
139
149
25013
151
157
163
167
173
179
181
191
193
197
199
211
223
227
25031
229
233
239
241
251
25033
257
263
269
271
277
25037
281
283
293
307
311
313
317
331
25057
337
347
349
353
359
367
373
25073
379
383
389
397
401
409
25087
419
421
431
433
439
25097
443
449
457
461
463
467
25111
479
487
491
499
25117
503
509
521
523
25121
541
547
25127
557
563
569
571
577
587
593
25147
599
601
607
613
617
25153
619
631
641
643
647
653
659
25163
661
673
677
683
25169
691
701
25171
709
719
727
733
25183
739
743
751
757
761
25189
769
773
787
797
809
811
821
823
827
829
839
25219
853
857
859
25229
863
877
881
883
25237
887
907
911
25243
919
929
937
941
947
953
25247
967
971
25253
977
983
991
997
25261
1009
1013
1019
1021
1031
1033
1039
1049
1051
1061
1063
1069
25301
1087
1091
25303
1093
1097
1103
1109
1117
1123
25307
1129
1151
25309
1153
1163
1171
25321
1181
1187
1193
1201
25339
1213
1217
1223
25343
1229
1231
1237
25349
1249
1259
1277
25357
1279
1283
1289
1291
25367
1297
1301
1303
1307
25373
1319
1321
1327
25391
1361
1367
1373
1381
25409
1399
1409
25411
1423
1427
1429
1433
25423
1439
1447
1451
1453
1459
25439
1471
1481
1483
1487
25447
1489
1493
1499
25453
1511
1523
25457
1531
1543
25463
1549
1553
1559
25469
1567
1571
1579
25471
1583
1597
1601
1607
1609
1613
1619
1621
1627
1637
1657
25523
1663
1667
1669
25537
1693
25541
1697
1699
1709
1721
1723
1733
1741
1747
25561
1753
1759
1777
25577
1783
1787
1789
25579
1801
1811
25583
1823
1831
25589
1847
1861
1867
1871
25601
1873
1877
1879
25603
1889
1901
1907
25609
1913
25621
1931
1933
1949
25633
1951
25639
1973
1979
1987
25643
1993
1997
1999
2003
2011
25657
2017
2027
2029
25667
2039
2053
25673
2063
2069
25679
2081
2083
2087
2089
2099
25693
2111
2113
25703
2129
2131
2137
2141
25717
2143
2153
2161
25733
2179
25741
2203
2207
25747
2213
2221
25759
2237
2239
2243
25763
2251
2267
25771
2269
2273
2281
2287
2293
2297
2309
25793
2311
25799
2333
2339
2341
25801
2347
2351
2357
2371
2377
2381
2383
25819
2389
2393
2399
25841
2411
2417
2423
25847
2437
2441
25849
2447
2459
2467
2473
25867
2477
25873
2503
2521
2531
25889
2539
2543
2549
25903
2551
2557
25913
2579
25919
2591
2593
2609
25931
2617
2621
25933
2633
25939
2647
2657
25943
2659
2663
2671
25951
2677
2683
2687
2689
2693
2699
2707
25969
2711
2713
2719
2729
2731
25981
2741
2749
25997
2753
2767
25999
2777
26003
2789
2791
2797
26017
2801
2803
26021
2819
2833
26029
2837
2843
2851
26041
2857
2861
2879
26053
2887
2897
2903
2909
2917
2927
26083
2939
2953
2957
2963
26099
2969
2971
26107
2999
26111
3001
3011
26113
3019
3023
26119
3037
3041
3049
3061
3067
26141
3079
3083
3089
26153
3109
26161
3119
3121
3137
26171
26177
3163
3167
3169
26183
3181
3187
26189
3191
3203
3209
3217
3221
26203
3229
26209
3251
3253
3257
3259
3271
26227
3299
26237
3301
3307
3313
26249
3319
3323
26251
3329
3331
26261
3343
3347
26263
3359
3361
26267
3371
3373
3389
3391
3407
26293
3413
26297
3433
3449
26309
3457
3461
3463
3467
26317
3469
26321
3491
3499
3511
26339
3517
3527
3529
26347
3533
3539
3541
26357
3547
3557
3559
26371
3571
3581
26387
3583
3593
26393
3607
26399
3613
3617
26407
3623
3631
3637
26417
3643
3659
26423
3671
3673
26431
3677
3691
26437
3697
3701
3709
3719
26449
3727
3733
26459
3739
3761
3767
26479
3769
3779
3793
26489
3797
3803
26497
3821
3823
26501
3833
26513
3847
3851
3853
3863
26539
3877
3881
3889
26557
3907
3911
26561
3917
3919
3923
3929
3931
3943
26573
3947
26591
3967
26597
3989
4001
4003
4007
4013
26627
4019
4021
4027
26633
4049
26641
4051
4057
26647
4073
4079
4091
26669
4093
4099
4111
26681
4127
4129
26683
26687
26693
26699
4133
4139
4153
4157
4159
4177
4201
4211
4217
4219
4229
4231
4241
4243
4253
4259
4261
4271
4273
4283
4289
4297
4327
4337
4339
4349
4357
4363
4373
4391
4397
4409
4421
4423
4441
4447
4451
4457
4463
4481
4483
4493
4507
4513
4517
4519
4523
4547
4549
4561
4567
4583
4591
4597
4603
4621
4637
4639
4643
4649
4651
4657
4663
4673
4679
4691
4703
4721
4723
4729
4733
4751
4759
4783
4787
4789
4793
4799
4801
4813
4817
4831
4861
4871
4877
4889
4903
4909
4919
4931
4933
4937
4943
4951
4957
4967
4969
4973
4987
4993
4999
5003
5009
5011
5021
5023
5039
5051
5059
5077
5081
5087
5099
5101
5107
5113
5119
5147
5153
5167
5171
5179
5189
5197
5209
5227
5231
5233
5237
5261
5273
5279
5281
5297
5303
5309
5323
26701
5333
5347
26711
5351
26713
26717
5381
5387
26723
5393
5399
26729
5407
5413
26731
5417
5419
26737
5431
5437
5441
26759
5443
5449
5471
5477
5479
5483
5501
5503
5507
5519
5521
5527
5531
5557
5563
5569
5573
5581
5591
5623
5639
5641
5647
5651
5653
5657
5659
5669
5683
5689
5693
5701
5711
5717
5737
5741
5743
5749
5779
5783
5791
5801
5807
5813
5821
5827
5839
5843
5849
5851
5857
5861
5867
5869
5879
5881
5897
5903
5923
5927
5939
5953
5981
5987
6007
6011
6029
6037
6043
6047
6053
6067
6073
6079
6089
6091
6101
6113
6121
6131
6133
6143
6151
6163
6173
6197
6199
6203
6211
6217
6221
6229
6247
6257
6263
6269
6271
6277
6287
6299
6301
6311
6317
6323
6329
6337
6343
6353
6359
6361
6367
6373
6379
6389
6397
6421
6427
6449
6451
6469
6473
6481
6491
6521
6529
6547
6551
6553
6563
6569
6571
6577
6581
6599
6607
6619
6637
6653
6659
6661
6673
6679
6689
6691
6701
6703
6709
6719
6733
6737
6761
6763
50021
75011
6779
50023
75013
26777
50033
50047
50051
50053
50069
6781
75017
26783
50077
6791
75029
50087
50093
50101
50111
50119
50123
50129
26801
6793
75037
50131
26813
6803
75041
50147
26821
6823
75079
50153
26833
6827
75083
50159
26839
6829
75109
50177
6833
6841
6857
6863
6869
6871
6883
6899
26849
75133
50207
26861
26863
26879
26881
26891
26893
6907
75149
50221
6911
6917
6947
6949
6959
6961
6967
6971
6977
6983
6991
6997
26903
75161
50227
7001
75167
75169
75181
75193
75209
75211
75217
75223
75227
75239
75253
75269
75277
26921
50231
7013
75289
26927
50261
7019
75307
26947
50263
7027
75323
26951
50273
7039
75329
26953
50287
7043
75337
26959
50291
7057
26981
26987
26993
27011
27017
27031
27043
27059
27061
27067
27073
27077
27091
27103
27107
75347
50311
7069
27109
75353
50321
7079
27127
75367
50329
7103
27143
75377
50333
27179
27191
27197
27211
27239
27241
27253
27259
27271
27277
27281
27283
27299
27329
27337
27361
7109
50341
75389
27367
50359
50363
50377
50383
50387
50411
50417
50423
50441
50459
50461
7121
75391
27397
50497
7127
75401
27407
50503
75403
75407
75431
75437
75479
75503
75511
75521
75527
75533
75539
75541
75553
75557
75571
75577
75583
75611
75617
75619
75629
75641
75653
75659
75679
75683
75689
75703
75707
75709
75721
75731
75743
27409
75767
7129
50513
27427
75773
7151
27431
27437
27449
27457
27479
27481
27487
27509
27527
27529
27539
27541
50527
75781
7159
27551
50539
75787
7177
27581
50543
75793
7187
27583
50549
75797
7193
27611
50551
75821
7207
27617
50581
75833
7211
27631
50587
75853
7213
27647
50591
75869
7219
27653
50593
75883
7229
27673
50599
75913
7237
27689
50627
75931
27691
27697
27701
27733
27737
27739
7243
50647
75937
27743
7247
50651
75941
27749
7253
75967
75979
75983
75989
75991
75997
76001
76003
76031
76039
76079
76081
76091
76099
76103
76123
76129
27751
76147
27763
7283
50671
76157
27767
7297
50683
76159
27773
7307
76163
27779
50707
7309
76207
27791
50723
7321
76213
50741
50753
50767
50773
50777
50789
50821
50833
50839
50849
50857
50867
50873
50891
50893
50909
50923
50929
50951
50957
50969
50971
50989
50993
51001
27793
7331
76231
51031
27799
7333
76243
51043
27803
7349
76249
51047
27809
7351
76253
51059
27817
7369
51061
51071
51109
51131
51133
51137
51151
51157
51169
51193
51197
51199
51203
51217
51229
51239
51241
51257
51263
51283
51287
51307
51329
51341
51343
76259
27823
7393
51347
76261
27827
7411
51349
76283
27847
7417
51361
76289
27851
7433
51383
76303
27883
7451
51407
76333
27893
7457
51413
76343
27901
7459
76367
76369
76379
76387
76403
76421
76423
76441
76463
76471
76481
76487
76493
76507
76511
76519
76537
76541
51419
27917
7477
76543
51421
7481
7487
7489
7499
7507
7517
7523
7529
7537
7541
7547
27919
76561
51427
7549
27941
76579
51431
7559
27943
76597
51437
7561
27947
76603
51439
7573
76607
76631
76649
76651
76667
76673
76679
76697
76717
76733
76753
76757
76771
76777
76781
76801
76819
76829
76831
76837
27953
51449
7577
76847
27961
51461
7583
27967
27983
27997
28001
28019
28027
28031
28051
28057
28069
76871
51473
7589
28081
76873
51479
7591
28087
76883
51481
7603
28097
76907
51487
7607
28099
51503
51511
51517
51521
51539
51551
51563
51577
51581
51593
51599
51607
51613
76913
7621
28109
51631
76919
7639
28111
51637
76943
7643
28123
51647
76949
7649
28151
51659
76961
7669
28163
51673
76963
7673
28181
51679
76991
7681
28183
51683
77003
7687
28201
51691
7691
7699
7703
77017
28211
51713
7717
77023
28219
7723
7727
7741
7753
7757
7759
7789
7793
7817
7823
7829
7841
7853
7867
7873
7877
7879
7883
7901
7907
7919
7927
7933
7937
7949
7951
7963
7993
8009
8011
8017
8039
8053
8059
8069
8081
8087
51719
77029
28229
51721
51749
51767
51769
51787
51797
51803
51817
51827
51829
51839
51853
51859
51869
51871
51893
51899
51907
51913
51929
51941
51949
51971
51973
51977
51991
52009
52021
52027
52051
52057
52067
52069
52081
52103
52121
52127
52147
52153
52163
52177
52181
52183
52189
8089
77041
28277
8093
8101
8111
8117
52201
77047
28279
52223
52237
52249
52253
52259
52267
52289
52291
52301
52313
52321
52361
52363
52369
52379
52387
52391
52433
52453
52457
52489
52501
52511
52517
52529
52541
52543
52553
52561
52567
52571
52579
52583
52609
52627
52631
52639
52667
52673
52691
52697
52709
52711
52721
52727
52733
52747
52757
52769
52783
52807
8123
77069
28283
52813
77081
77093
77101
77137
77141
77153
77167
77171
77191
77201
77213
77237
77239
77243
77249
77261
77263
77267
77269
77279
77291
77317
77323
77339
77347
77351
77359
77369
77377
77383
77417
77419
77431
77447
77471
77477
77479
77489
77491
77509
77513
77521
77527
77543
8147
28289
52817
8161
8167
77549
28297
52837
77551
77557
77563
8171
28307
52859
77569
8179
28309
52861
77573
8191
28319
52879
77587
8209
28349
52883
77591
8219
28351
52889
77611
8221
28387
52901
77617
8231
28393
52903
77621
8233
28403
52919
77641
8237
28409
52937
8243
8263
8269
77647
28411
52951
8273
77659
28429
52957
8287
77681
28433
8291
8293
8297
8311
8317
8329
8353
8363
8369
8377
8387
52963
77687
28439
8389
52967
77689
28447
8419
52973
77699
28463
8423
52981
77711
28477
8429
52999
77713
28493
8431
53003
77719
28499
8443
53017
77723
28513
8447
53047
77731
28517
8461
53051
28537
28541
28547
28549
28559
28571
28573
28579
28591
28597
77743
8467
53069
28603
77747
8501
53077
28607
77761
8513
53087
28619
77773
8521
53089
28621
77783
8527
53093
28627
77797
8537
53101
28631
77801
8539
53113
28643
77813
8543
53117
28649
77839
77849
77863
77867
77893
77899
77929
77933
77951
77969
77977
77983
77999
78007
78017
78031
78041
78049
78059
8563
53129
28657
78079
8573
53147
28661
78101
8581
53149
78121
78137
78139
78157
78163
78167
78173
78179
78191
78193
78203
78229
78233
78241
78259
78277
78283
78301
8597
28663
53161
78307
8599
28669
53171
78311
8609
28687
78317
78341
78347
78367
78401
78427
78437
78439
78467
78479
78487
78497
78509
78511
78517
78539
78541
78553
78569
78571
78577
78583
78593
78607
78623
78643
78649
78653
78691
78697
78707
78713
78721
78737
78779
8623
78781
8627
78787
53173
28697
8629
8641
8647
8663
78791
53189
28703
8669
78797
53197
28711
8677
53201
53231
53233
53239
53267
53269
78803
28723
8681
53279
78809
28729
8689
78823
78839
78853
78857
78877
78887
78889
78893
78901
78919
78929
78941
78977
78979
78989
79031
79039
79043
79063
79087
79103
79111
28751
28753
79133
28759
79139
8693
53281
28771
79147
8699
53299
28789
8707
8713
8719
8731
8737
8741
8747
8753
8761
8779
79151
53309
28793
8783
79153
53323
28807
8803
79159
53327
28813
8807
79181
53353
28817
8819
79187
53359
28837
8821
79193
53377
28843
8831
79201
53381
28859
8837
79229
53401
8839
8849
28867
79231
53407
8861
28871
79241
53411
8863
79259
79273
79279
79283
79301
79309
79319
79333
79337
79349
79357
79367
79379
79393
79397
79399
79411
79423
79427
79433
79451
79481
79493
79531
79537
79549
79559
79561
79579
53419
79589
28879
53437
8867
79601
28901
53441
8887
79609
28909
53453
8893
79613
28921
53479
8923
79621
28927
53503
8929
79627
53507
53527
53549
53551
53569
53591
53593
53597
53609
53611
53617
53623
53629
53633
53639
53653
53657
53681
53693
53699
53717
53719
53731
28933
8933
79631
53759
28949
8941
79633
53773
28961
8951
79657
53777
28979
8963
79669
53783
29009
29017
8969
79687
53791
29021
8971
79691
53813
29023
53819
29027
8999
53831
29033
9001
79693
53849
29059
9007
79697
53857
29063
9011
79699
53861
29077
9013
79757
53881
29101
9029
79769
53887
29123
9041
79777
53891
29129
9043
79801
53897
29131
9049
79811
53899
29137
9059
53917
53923
53927
53939
53951
53959
53987
53993
54001
54011
54013
54037
54049
54059
54083
54091
54101
54121
54133
54139
54151
54163
79813
29147
9067
54167
79817
29153
9091
54181
79823
29167
9103
54193
79829
29173
9109
54217
29179
29191
29201
29207
29209
29221
29231
29243
29251
29269
29287
29297
29303
29311
29327
29333
29339
29347
29363
29383
29387
29389
29399
29401
29411
29423
29429
29437
29443
29453
29473
79841
9127
54251
79843
79847
79861
79867
79873
79889
79901
29483
9133
54269
54277
79903
29501
9137
54287
79907
29527
9151
54293
79939
29531
9157
54311
79943
29537
9161
54319
79967
29567
9173
54323
79973
29569
54331
54347
54361
54367
54371
54377
54401
54403
54409
54413
54419
54421
54437
54443
54449
9181
79979
29573
54469
9187
79987
29581
54493
9199
79997
29587
9203
9209
54497
79999
29599
9221
54499
80021
29611
9227
80039
80051
80071
80077
80107
80111
80141
80147
80149
80153
80167
80173
80177
80191
80207
80209
80221
80231
80233
80239
80251
80263
80273
80279
80287
80309
80317
80329
80341
54503
80347
54517
80363
29629
9239
54521
80369
29633
9241
54539
80387
29641
9257
54541
29663
29669
29671
29683
29717
29723
29741
29753
29759
80407
9277
54547
29761
80429
9281
54559
29789
80447
9283
54563
29803
80449
54577
54581
54583
54601
54617
54623
54629
54631
54647
54667
54673
54679
54709
54713
54721
54727
54751
54767
54773
54779
54787
54799
54829
54833
9293
29819
80471
54851
9311
29833
80473
9319
9323
9337
9341
54869
29837
80489
9343
54877
29851
80491
9349
54881
29863
80513
9371
54907
29867
80527
9377
54917
29873
80537
9391
54919
29879
80557
9397
54941
29881
80567
9403
54949
29917
80599
9413
54959
29921
80603
9419
54973
29927
80611
9421
54979
29947
80621
9431
54983
29959
80627
9433
29983
29989
30011
30013
30029
30047
30059
30071
30089
30091
30097
30103
55001
80629
9437
30109
55009
80651
9439
30113
55021
80657
9461
30119
55049
80669
9463
30133
55051
80671
9467
30137
55057
80677
9473
30139
55061
80681
9479
30161
55073
80683
9491
30169
55079
9497
9511
9521
9533
9539
9547
9551
80687
30181
55103
9587
80701
30187
55109
9601
80713
30197
55117
9613
80737
30203
55127
9619
80747
30211
55147
9623
80749
30223
55163
9629
80761
30241
55171
9631
80777
30253
55201
55207
9643
80779
30259
55213
9649
80783
30269
55217
80789
80803
80809
80819
80831
80833
80849
80863
80897
80909
80911
80917
80923
80929
80933
80953
80963
80989
81001
81013
81017
81019
81023
81031
81041
81043
81047
81049
81071
81077
81083
81097
9661
30271
55219
81101
9677
30293
55229
81119
9679
30307
30313
55243
81131
9689
30319
55249
81157
9697
30323
55259
9719
9721
9733
9739
9743
9749
9767
9769
81163
30341
55291
55313
9781
81173
30347
55331
9787
81181
30367
55333
9791
81197
30389
55337
9803
81199
30391
55339
9811
81203
30403
9817
9829
9833
9839
9851
9857
9859
9871
9883
9887
9901
9907
9923
9929
9931
9941
9949
9967
9973
10007
10009
10037
10039
10061
10067
10069
10079
10091
10093
10099
10103
10111
10133
10139
10141
10151
10159
10163
10169
10177
10181
10193
10211
10223
10243
10247
10253
10259
10267
10271
10273
10289
10301
10303
10313
10321
55343
81223
30427
55351
55373
55381
55399
55411
55439
55441
55457
55469
55487
55501
55511
55529
55541
55547
55579
55589
55603
55609
55619
55621
55631
55633
55639
55661
55663
55667
55673
55681
10331
81233
30431
10333
10337
10343
10357
10369
10391
10399
10427
10429
10433
10453
10457
55691
81239
30449
55697
55711
55717
55721
55733
55763
55787
55793
55799
55807
55813
55817
55819
55823
55829
55837
55843
55849
55871
55889
55897
55901
55903
55921
55927
55931
55933
55949
55967
55987
10459
81281
30467
10463
10477
10487
10499
10501
10513
10529
10531
10559
10567
10589
10597
10601
10607
10613
55997
81283
30469
56003
56009
56039
56041
56053
56081
56087
56093
56099
56101
56113
56123
56131
56149
56167
56171
56179
56197
56207
56209
56237
56239
56249
56263
56267
56269
56299
56311
56333
56359
56369
56377
56383
56393
56401
56417
10627
81293
30491
10631
10639
10651
10657
10663
10667
56431
81299
30493
56437
56443
56453
56467
56473
56477
56479
56489
56501
56503
56509
56519
81307
81331
81343
81349
81353
81359
81371
81373
56527
81401
56531
56533
56543
56569
81409
56591
81421
56597
56599
81439
56611
81457
56629
81463
56633
56659
56663
81509
10687
30497
56671
56681
81517
10691
30509
56687
81527
10709
30517
56701
81533
10711
56711
56713
56731
56737
56747
56767
56773
56779
56783
56807
56809
56813
56821
56827
56843
56857
56873
56891
56893
56897
30529
81547
10723
56909
30539
81551
10729
56911
30553
81553
10733
30557
30559
56921
81559
10739
56923
56929
56941
56951
56957
56963
56983
56989
56993
56999
57037
57041
57047
57059
57073
57077
57089
57097
57107
57119
57131
57139
57143
57149
57163
57173
57179
57191
57193
57203
57221
57223
57241
57251
57259
57269
30577
81563
10753
30593
30631
30637
30643
30649
30661
30671
30677
30689
30697
30703
30707
30713
30727
30757
30763
30773
30781
30803
30809
30817
30829
30839
30841
30851
30853
30859
30869
30871
30881
30893
30911
30931
30937
30941
30949
30971
30977
30983
31013
31019
31033
31039
31051
31063
31069
31079
31081
31091
31121
31123
31139
31147
31151
31153
31159
31177
31181
31183
31189
31193
31219
31223
31231
31237
31247
31249
31253
31259
31267
57271
81569
10771
31271
57283
81611
10781
31277
57287
10789
10799
10831
10837
10847
10853
10859
10861
10867
81619
31307
57301
10883
81629
31319
57329
10889
81637
31321
57331
10891
81647
31327
57347
10903
81649
31333
57349
10909
81667
31337
57367
10937
81671
31357
57373
10939
81677
31379
57383
10949
81689
31387
57389
10957
81701
31391
57397
10973
81703
31393
10979
10987
10993
11003
11027
11047
11057
11059
11069
57413
81707
31397
11071
57427
81727
31469
31477
11083
57457
81737
31481
11087
57467
81749
31489
11093
57487
81761
31511
11113
57493
81769
31513
11117
57503
81773
31517
57527
57529
57557
57559
57571
57587
57593
57601
57637
57641
57649
57653
57667
57679
57689
57697
57709
57713
57719
57727
57731
57737
57751
57773
57781
57787
57791
57793
57803
57809
57829
57839
57847
57853
57859
57881
57899
57901
57917
57923
57943
57947
57973
57977
57991
58013
58027
58031
58043
58049
58057
58061
58067
58073
58099
58109
58111
11119
81799
31531
11131
11149
11159
11161
11171
11173
11177
58129
81817
31541
11197
58147
81839
31543
11213
58151
81847
11239
11243
11251
11257
11261
31547
58153
81853
11273
31567
58169
81869
11279
31573
58171
81883
11287
58189
58193
58199
58207
58211
58217
58229
58231
58237
58243
58271
58309
58313
58321
58337
31583
81899
11299
58363
31601
81901
11311
58367
31607
11317
11321
11329
11351
11353
11369
11383
11393
81919
58369
31627
11399
81929
58379
31643
11411
81931
58391
31649
11423
81937
58393
31657
11437
81943
58403
31663
11443
81953
58411
31667
11447
81967
58417
31687
11467
81971
58427
31699
11471
81973
58439
31721
11483
82003
58441
31723
11489
82007
31727
31729
31741
31751
58451
11491
82009
31769
58453
11497
82013
31771
11503
11519
11527
11549
11551
11579
11587
11593
58477
82021
31793
11597
58481
82031
31799
11617
58511
82037
31817
11621
58537
82039
31847
11633
58543
82051
31849
11657
58549
82067
31859
11677
58567
82073
31873
11681
11689
58573
82129
82139
82141
82153
82163
82171
82183
82189
31883
11699
58579
82193
31891
11701
58601
82207
31907
11717
82217
82219
82223
82231
82237
82241
82261
82267
82279
82301
82307
82339
82349
82351
82361
82373
82387
82393
82421
82457
82463
82469
82471
82483
82487
82493
82499
82507
58603
31957
11719
82529
58613
31963
11731
82531
58631
11743
11777
11779
11783
11789
31973
82549
58657
58661
11801
31981
82559
58679
11807
31991
82561
58687
11813
82567
82571
82591
82601
82609
82613
82619
82633
82651
82657
82699
82721
82723
82727
82729
82757
82759
82763
82781
82787
82793
82799
82811
82813
82837
82847
82883
82889
82891
82903
82913
58693
32003
11821
82939
82963
82981
82997
83003
83009
83023
83047
83059
83063
83071
83077
83089
83093
83101
83117
83137
83177
83203
83207
83219
83221
83227
83231
83233
83243
83257
83267
83269
83273
83299
83311
83339
83341
83357
83383
83389
83399
83401
83407
83417
83423
83431
83437
83443
83449
83459
83471
58699
32009
11827
83477
58711
32027
83497
83537
83557
83561
83563
83579
83591
83597
83609
83617
83621
83639
83641
83653
83663
83689
83701
83717
83719
83737
83761
83773
83777
83791
83813
83833
83843
83857
83869
83873
83891
83903
83911
83921
83933
83939
83969
83983
83987
84011
84017
84047
11831
84053
11833
11839
84059
11863
11867
84061
11887
84067
11897
84089
58727
32029
11903
11909
11923
11927
11933
11939
11941
11953
58733
32051
11959
58741
84121
32057
11969
58757
84127
32059
11971
58763
84131
32063
11981
84137
84143
84163
84179
84181
84191
84199
84211
84221
84223
84229
84239
84247
84263
84299
84307
84313
84317
84319
84347
84349
32069
84377
32077
58771
11987
84389
32083
58787
12007
84391
32089
12011
12037
12041
58789
84401
32099
12043
58831
84407
32117
12049
58889
58897
84421
32119
12071
58901
84431
32141
12073
58907
84437
32143
12097
58909
84443
32159
58913
58921
58937
58943
58963
58967
58979
58991
58997
59009
12101
12107
84449
32173
12109
59011
84457
32183
12113
59021
32189
32191
84463
12119
59023
32203
84467
12143
32213
32233
32237
32251
32257
32261
32297
32299
32303
32309
32321
32323
32327
32341
32353
32359
32363
59029
84481
12149
32369
59051
84499
12157
32371
59053
84503
12161
32377
59063
84509
12163
32381
59069
84521
12197
32401
59077
84523
12203
32411
59083
84533
12211
32413
59093
84551
12227
59107
59113
59119
59123
59141
32423
84559
12239
59149
32429
84589
12241
59159
32441
84629
12251
59167
32443
84631
12253
59183
32467
84649
12263
59197
32479
84653
59207
59209
59219
59221
59233
59239
59243
59263
59273
59281
59333
59341
59351
59357
59359
59369
59377
12269
32491
84659
59387
12277
32497
84673
59393
12281
32503
84691
59399
12289
84697
84701
84713
84719
84731
84737
84751
84761
84787
84793
84809
84811
84827
84857
84859
84869
84871
84913
84919
84947
84961
84967
84977
84979
84991
85009
85021
85027
85037
85049
85061
59407
85081
59417
85087
32507
12301
85091
85093
85103
85109
85121
85133
59419
32531
12323
59441
59443
59447
59453
85147
32533
12329
59467
85159
32537
12343
59471
85193
32561
12347
59473
85199
32563
12373
59497
85201
32569
12377
59509
85213
32573
12379
59513
85223
32579
12391
59539
85229
85237
32587
12401
59557
85243
32603
12409
59561
85247
32609
59567
59581
59611
59617
59621
59627
59629
59651
59659
59663
59669
59671
59693
59699
59707
59723
59729
59743
59747
12413
85259
32611
59753
12421
85297
32621
59771
12433
85303
32633
59779
12437
85313
32647
59791
12451
12457
85331
32653
59797
12473
85333
32687
59809
12479
85361
32693
59833
12487
85363
32707
59863
12491
32713
32717
32719
32749
32771
32779
32783
32789
32797
32801
32803
32831
32833
32839
85369
59879
12497
32843
85381
59887
12503
32869
85411
12511
59921
32887
85427
12517
59929
32909
32911
85429
12527
59951
32917
85439
12539
59957
32933
85447
12541
32939
32941
32957
32969
32971
32983
32987
32993
32999
59971
85451
12547
33013
59981
85453
12553
33023
59999
85469
12569
33029
60013
85487
12577
33037
60017
85513
12583
33049
60029
85517
12589
33053
60037
85523
12601
33071
60041
85531
12611
33073
85549
85571
85577
85597
85601
85607
85619
85621
85627
85639
85643
85661
85667
85669
85691
85703
85711
85717
85733
85751
85781
85793
85817
85819
85829
85831
85837
12613
12619
12637
12641
12647
12653
12659
12671
12689
60077
85843
33083
12697
60083
85847
33091
60089
60091
60101
60103
60107
60127
60133
60139
60149
60161
60167
12703
85853
33107
60169
12713
85889
33113
60209
12721
85903
33119
60217
85909
85931
85933
85991
85999
86011
86017
86027
86029
86069
33149
86077
12739
60223
33151
86083
12743
60251
33161
86111
12757
60257
33179
12763
12781
12791
12799
12809
86113
60259
33181
12821
86117
60271
12823
12829
12841
12853
12889
12893
12899
12907
12911
33191
86131
60289
12917
33199
86137
60293
12919
33203
86143
60317
12923
33211
86161
60331
12941
33223
86171
60337
12953
33247
86179
60343
12959
33287
86183
60353
12967
33289
86197
60373
12973
33301
60383
60397
60413
60427
60443
60449
60457
60493
60497
60509
60521
60527
60539
60589
60601
60607
60611
60617
60623
60631
60637
60647
60649
60659
60661
60679
60689
60703
60719
60727
86201
12979
33311
60733
86209
12983
33317
60737
86239
13001
33329
60757
86243
13003
33331
60761
86249
13007
60763
60773
60779
60793
60811
60821
60859
60869
60887
60889
60899
60901
60913
60917
60919
60923
60937
33343
86257
13009
60943
33347
86263
13033
60953
33349
86269
13037
60961
33353
86287
13043
61001
86291
86293
86297
86311
86323
86341
86351
86353
86357
33359
13049
61007
86369
13063
13093
13099
13103
13109
13121
33377
61027
86371
13127
33391
61031
86381
13147
33403
61043
86389
13151
33409
61051
86399
13159
33413
61057
86413
13163
33427
61091
86423
13171
33457
61099
13177
13183
13187
13217
13219
13229
13241
13249
13259
13267
13291
13297
13309
13313
13327
13331
13337
13339
13367
13381
13397
86441
33461
61121
86453
86461
86467
86477
86491
86501
86509
86531
86533
86539
86561
86573
86579
86587
86599
86627
86629
86677
86689
86693
86711
86719
86729
86743
86753
86767
86771
86783
86813
86837
86843
86851
86857
86861
86869
86923
86927
86929
86939
13399
33469
61129
86951
33479
33487
33493
33503
33521
33529
33533
33547
33563
33569
33577
33581
33587
33589
33599
33601
33613
33617
33619
33623
33629
33637
33641
33647
33679
33703
33713
33721
33739
33749
33751
33757
33767
33769
33773
33791
33797
33809
33811
33827
33829
33851
33857
33863
33871
33889
33893
33911
33923
33931
33937
33941
33961
33967
33997
34019
34031
34033
34039
34057
34061
34123
34127
34129
34141
34147
34157
34159
61141
61151
61153
61169
34171
61211
61223
61231
61253
13411
86959
34183
61261
13417
86969
34211
61283
13421
86981
34213
61291
13441
86993
34217
61297
13451
87011
34231
61331
13457
87013
34253
61333
13463
87037
34259
61339
13469
87041
34261
61343
13477
87049
34267
61357
13487
87071
34273
61363
13499
87083
34283
61379
13513
87103
34297
61381
13523
87107
34301
61403
13537
87119
34303
61409
13553
87121
34313
61417
87133
87149
87151
87179
87181
87187
87211
87221
87223
87251
87253
87257
87277
87281
87293
87299
87313
87317
87323
87337
87359
87383
87403
87407
87421
87427
87433
87443
87473
87481
13567
34319
61441
87491
13577
13591
13597
13613
13619
13627
13633
13649
13669
13679
13681
13687
34327
61463
87509
13691
34337
61469
87511
34351
34361
34367
34369
13693
61471
87517
13697
13709
13711
13721
13723
13729
13751
13757
13759
13763
13781
13789
13799
13807
13829
13831
13841
13859
13873
13877
13879
13883
34381
61483
87523
13901
34403
61487
87539
34421
34429
34439
34457
34469
34471
34483
34487
13903
61493
87541
34499
13907
61507
87547
34501
13913
87553
61511
13921
34511
61519
61543
61547
61553
61559
61561
61583
61603
61609
61613
61627
61631
61637
61643
61651
87557
13931
34513
61657
87559
13933
34519
87583
87587
87589
87613
87623
87629
87631
87641
87643
87649
87671
87679
87683
87691
87697
87701
87719
87721
87739
87743
87751
87767
87793
87797
87803
87811
87833
87853
87869
87877
87881
87887
87911
87917
87931
87943
87959
87961
87973
87977
87991
88001
88003
88007
88019
88037
88069
88079
88093
88117
88129
88169
88177
88211
88223
88237
88241
88259
88261
88289
88301
88321
88327
88337
88339
88379
88397
88411
13963
88423
13967
88427
13997
13999
14009
14011
88463
88469
88471
88493
88499
14029
88513
14033
88523
14051
14057
14071
14081
88547
14083
61667
34537
88589
61673
61681
61687
61703
61717
61723
61729
61751
61757
61781
61813
61819
61837
61843
61861
61871
61879
61909
61927
61933
61949
61961
61967
61979
61981
61987
61991
62003
62011
14087
34543
88591
14107
14143
14149
14153
14159
14173
14177
14197
14207
62017
14221
62039
14243
14249
62047
14251
62053
14281
62057
14293
14303
62071
14321
14323
62081
14327
14341
14347
62099
34549
88607
62119
62129
62131
62137
62141
62143
62171
62189
62191
62201
62207
62213
62219
62233
62273
62297
62299
62303
62311
62323
62327
62347
62351
62383
62401
62417
62423
62459
62467
62473
62477
62483
62497
62501
62507
62533
62539
62549
62563
62581
62591
62597
62603
14369
34583
34589
34591
88609
62617
14387
34603
88643
62627
14389
34607
88651
14401
62633
34613
88657
62639
62653
62659
62683
62687
62701
62723
62731
62743
62753
62761
62773
14407
34631
88661
62791
14411
34649
88663
62801
14419
88667
88681
88721
88729
88741
88747
88771
88789
88793
88799
88801
88807
88811
88813
88817
88819
88843
88853
88861
88867
88873
88883
88897
88903
88919
34651
14423
62819
88937
14431
14437
14447
14449
14461
14479
14489
14503
14519
14533
14537
14543
14549
14551
14557
14561
14563
14591
14593
14621
14627
14629
14633
14639
14653
14657
14669
14683
14699
34667
14713
34673
14717
14723
34679
34687
34693
34703
34721
34729
34739
34747
34757
34759
34763
34781
34807
34819
34841
34843
34847
34849
62827
88951
34871
62851
88969
34877
62861
88993
34883
62869
88997
34897
62873
89003
34913
62897
89009
34919
62903
89017
14731
34939
62921
89021
14737
34949
89041
89051
89057
89069
89071
89083
89087
14741
14747
89101
14753
62927
34961
89107
89113
89119
89123
89137
89153
89189
89203
89209
89213
89227
89231
89237
89261
89269
89273
89293
89303
89317
89329
89363
89371
89381
89387
89393
89399
89413
89417
89431
89443
89449
89459
89477
89491
89501
89513
89519
89521
89527
89533
14759
62929
34963
89561
14767
62939
34981
14771
14779
14783
89563
62969
89567
14797
35023
62971
89591
14813
35027
62981
89597
14821
62983
62987
62989
63029
63031
63059
63067
63073
63079
63097
63103
63113
63127
63131
63149
63179
63197
63199
63211
63241
63247
63277
63281
63299
63311
63313
63317
63331
63337
63347
63353
63361
63367
63377
63389
63391
35051
89599
14827
63397
35053
89603
14831
63409
63419
63421
63439
63443
63463
63467
63473
63487
63493
63499
63521
35059
89611
14843
63527
35069
89627
14851
63533
35081
89633
14867
63541
35083
14869
14879
14887
89653
63559
35089
14891
89657
63577
35099
14897
89659
63587
35107
89669
89671
89681
89689
89753
89759
89767
89779
89783
14923
14929
89797
14939
63589
35111
14947
14951
14957
14969
89809
63599
35117
14983
89819
63601
15013
15017
15031
35129
89821
63607
15053
35141
89833
63611
15061
35149
89839
63617
15073
89849
89867
89891
89897
89899
89909
89917
89923
89939
89959
35153
89963
35159
35171
89977
89983
35201
89989
90001
35221
35227
35251
63629
15077
90007
35257
63647
15083
90011
63649
63659
63667
63671
63689
63691
63697
63703
63709
63719
63727
35267
15091
90017
63737
35279
15101
90019
35281
63743
15107
90023
35291
63761
15121
90031
35311
63773
15131
90053
35317
63781
15137
90059
35323
63793
15139
90067
35327
63799
90071
90073
90089
15149
35339
63803
90107
15161
35353
63809
90121
15173
35363
63823
90127
15187
35381
63839
90149
15193
35393
63841
90163
15199
63853
63857
63863
63901
63907
63913
63929
63949
63977
63997
64007
64013
64019
64033
64037
90173
64063
35401
15217
64067
90187
35407
64081
64091
64109
64123
64151
64153
64157
64171
64187
64189
64217
64223
64231
64237
64271
64279
64283
64301
64303
64319
64327
64333
64373
64381
64399
64403
64433
64439
64451
64453
64483
64489
64499
64513
64553
64567
64577
64579
64591
64601
64609
64613
15227
90191
35419
64621
15233
35423
35437
35447
35449
35461
90197
64627
15241
35491
90199
64633
15259
35507
90203
64661
15263
35509
90217
64663
15269
90227
90239
90247
90263
90271
90281
90289
90313
90353
90359
90371
90373
90379
90397
90401
90403
90407
64667
90437
64679
90439
35521
15271
90469
90473
64693
35527
15277
64709
64717
64747
64763
64781
64783
64793
64811
64817
64849
64853
64871
64877
64879
64891
64901
64919
64921
64927
64937
64951
64969
64997
65003
65011
15287
15289
15299
65027
15307
65029
15313
15319
65033
15329
35531
65053
90481
15331
35533
65063
90499
35537
35543
15349
65071
90511
35569
15359
65089
90523
35573
15361
65099
90527
35591
15373
90529
90533
90547
90583
90599
90617
90619
90631
90641
90647
90659
90677
90679
90697
90703
90709
90731
90749
90787
90793
90803
90821
90823
90833
90841
90847
90863
90887
35593
35597
90901
35603
90907
65101
15377
35617
90911
15383
15391
65111
35671
35677
35729
35731
35747
35753
35759
90917
15401
65119
35771
90931
15413
65123
35797
90947
15427
65129
90971
90977
90989
90997
91009
91019
91033
91079
91081
91097
91099
91121
91127
91129
91139
91141
91151
15439
91153
35801
65141
15443
91159
35803
65147
15451
91163
35809
65167
15461
91183
35831
65171
15467
35837
35839
35851
35863
35869
35879
35897
35899
35911
35923
91193
65173
15473
35933
91199
65179
15493
35951
91229
65183
15497
35963
91237
65203
15511
35969
91243
65213
15527
35977
91249
65239
15541
35983
91253
65257
15551
35993
91283
91291
91297
91303
65267
15559
35999
91309
65269
15569
36007
91331
65287
15581
91367
91369
91373
91381
91387
91393
91397
91411
91423
91433
91453
91457
91459
91463
91493
91499
91513
91529
91541
91571
91573
91577
91583
91591
91621
91631
65293
91639
65309
36011
15583
91673
65323
36013
15601
91691
65327
36017
15607
91703
65353
36037
15619
91711
65357
36061
15629
91733
65371
36067
91753
91757
91771
91781
91801
91807
91811
91813
91823
91837
91841
91867
91873
91909
91921
91939
91943
91951
91957
91961
91967
91969
91997
92003
92009
92033
92041
92051
92077
65381
92083
15641
65393
36073
92107
15643
65407
36083
92111
15647
65413
36097
92119
65419
65423
65437
65447
65449
65479
65497
65519
65521
65537
65539
65543
65551
65557
65563
65579
65581
65587
65599
65609
65617
15649
36107
36109
36131
36137
36151
36161
36187
36191
36209
36217
36229
92143
65629
15661
36241
65633
65647
65651
65657
65677
65687
65699
65701
65707
65713
65717
65719
65729
65731
65761
65777
65789
65809
65827
65831
65837
65839
65843
65851
65867
65881
65899
65921
65927
65929
65951
65957
65963
65981
65983
65993
66029
92153
66037
66041
92173
66047
92177
15667
36251
66067
92179
15671
36263
66071
92189
15679
36269
66083
92203
15683
66089
66103
66107
66109
66137
66161
66169
66173
66179
66191
36277
92219
15727
66221
66239
66271
66293
66301
66337
66343
66347
66359
66361
66373
66377
66383
36293
92221
15731
66403
36299
92227
15733
66413
36307
15737
15739
15749
15761
15767
15773
92233
66431
36313
15787
66449
66457
66463
66467
66491
66499
66509
66523
66529
66533
66541
66553
66569
66571
66587
66593
66601
66617
66629
66643
66653
66683
66697
66701
66713
66721
66733
66739
66749
66751
66763
66791
66797
66809
66821
66841
66851
66853
66863
66877
66883
66889
66919
66923
66931
66943
66947
66949
66959
66973
66977
67003
67021
92237
67033
92243
67043
92251
67049
67057
92269
67061
92297
67073
67079
92311
92317
67103
67121
92333
67129
92347
67139
92353
67141
92357
67153
92363
67157
92369
67169
92377
67181
92381
67187
92383
67189
92387
67211
92399
67213
92401
67217
92413
67219
92419
67231
92431
67247
67261
92459
67271
92461
67273
92467
67289
92479
67307
92489
67339
92503
67343
92507
67349
67369
92551
92557
67391
67399
92567
36319
67409
67411
67421
92569
67427
92581
67429
67433
92593
67447
15791
92623
36341
67453
15797
92627
67477
67481
67489
67493
67499
67511
67523
67531
67537
67547
67559
67567
36343
15803
92639
67577
36353
15809
92641
67579
36373
15817
92647
67589
36383
15823
92657
36389
36433
36451
36457
36467
36469
36473
36479
36493
36497
36523
36527
36529
36541
67601
67607
15859
92669
36551
67619
15877
92671
36559
67631
15881
92681
92683
36563
67651
15887
92693
36571
67679
15889
92699
36583
67699
15901
92707
36587
67709
15907
36599
36607
36629
36637
36643
36653
36671
36677
36683
36691
36697
92717
67723
15913
36709
92723
67733
15919
36713
92737
67741
15923
36721
92753
67751
15937
36739
92761
67757
15959
36749
92767
67759
15971
36761
92779
67763
15973
36767
92789
67777
15991
92791
92801
92809
92821
92831
92849
92857
92861
92863
92867
92893
92899
92921
92927
92941
92951
92957
92959
92987
92993
93001
93047
93053
93059
93077
93083
93089
93097
93103
93113
93131
93133
93139
93151
93169
67783
93179
67789
36779
16001
93187
67801
36781
16007
93199
67807
36787
16033
93229
67819
36791
16057
93239
67829
36793
16061
67843
67853
67867
67883
67891
67901
67927
67931
67933
67939
67943
67957
67961
67967
67979
67987
67993
68023
68041
68053
68059
68071
68087
68099
68111
68113
93241
36809
16063
68141
93251
36821
16067
68147
93253
36833
16069
68161
93257
36847
16073
68171
93263
36857
16087
68207
93281
36871
16091
68209
93283
16097
16103
16111
16127
16139
16141
16183
16187
16189
36877
68213
93287
16193
36887
68219
93307
16217
36899
68227
93319
16223
36901
68239
93323
16229
36913
68261
93329
16231
36919
68279
93337
16249
36923
68281
93371
93377
93383
93407
93419
93427
93463
93479
93481
93487
93491
93493
93497
93503
93523
93529
93553
93557
93559
93563
93581
93601
93607
93629
93637
93683
93701
93703
93719
93739
93761
93763
93787
93809
93811
93827
93851
93871
16253
16267
36929
93887
68311
16273
36931
68329
68351
68371
68389
68399
68437
68443
68447
68449
68473
68477
68483
68489
68491
68501
68507
68521
68531
68539
68543
68567
68581
68597
68611
68633
68639
68659
68669
68683
68687
68699
68711
68713
68729
68737
68743
68749
68767
68771
68777
68791
68813
68819
68821
68863
68879
68881
68891
93889
16301
36943
93893
93901
93911
93913
93923
93937
93941
93949
93967
93971
93979
93983
93997
94007
94009
94033
94049
94057
94063
94079
94099
94109
94111
94117
94121
94151
94153
94169
94201
94207
94219
94229
94253
94261
94273
94291
94307
94309
94321
94327
94331
94343
94349
94351
94379
94397
94399
94421
94427
94433
94439
94441
94447
94463
94477
94483
94513
94529
94531
94541
94543
68897
16319
36947
94547
16333
16339
16349
16361
16363
16369
16381
16411
16417
68899
36973
94559
16421
68903
36979
16427
16433
16447
16451
16453
16477
16481
16487
16493
94561
68909
36997
16519
94573
68917
37003
16529
94583
68927
37013
16547
94597
68947
37019
16553
94603
68963
37021
16561
94613
68993
37039
94621
94649
94651
94687
94693
94709
94723
16567
69001
37049
94727
16573
69011
37057
94747
16603
69019
37061
94771
16607
69029
94777
94781
94789
94793
94811
94819
94823
94837
94841
37087
37097
16619
69031
94847
37117
16631
69061
94849
37123
16633
69067
94873
37139
16649
69073
94889
37159
16651
69109
94903
37171
16657
94907
94933
94949
94951
94961
94993
94999
95003
95009
95021
95027
95063
95071
95083
95087
95089
95093
95101
95107
95111
95131
95143
95153
95177
95189
95191
95203
95213
95219
95231
95233
95239
95257
95261
95267
95273
95279
95287
95311
95317
95327
95339
95369
95383
95393
95401
69119
37181
16661
95413
37189
37199
37201
37217
37223
37243
37253
37273
37277
37307
37309
37313
37321
37337
37339
37357
37361
37363
37369
37379
37397
37409
37423
37441
37447
37463
37483
37489
37493
37501
37507
37511
37517
37529
37537
69127
16673
95419
69143
69149
69151
69163
69191
69193
69197
69203
69221
69233
69239
69247
69257
69259
69263
69313
69317
69337
69341
69371
69379
69383
69389
69401
69403
69427
69431
69439
69457
69463
69467
69473
69481
69491
69493
69497
69499
69539
69557
69593
69623
69653
69661
69677
69691
69697
69709
69737
69739
69761
69763
69767
69779
69809
69821
69827
37547
16691
95429
69829
37549
16693
95441
69833
37561
16699
95443
37567
37571
37573
37579
37589
37591
37607
37619
37633
37643
37649
69847
16703
95461
37657
69857
16729
95467
37663
69859
16741
95471
37691
69877
16747
95479
37693
69899
16759
95483
37699
69911
16763
95507
37717
69929
16787
37747
37781
37783
37799
37811
37813
95527
95531
95539
69931
16811
37831
95549
69941
16823
37847
95561
69959
16829
37853
95569
69991
16831
37861
95581
69997
16843
95597
95603
95617
95621
95629
95633
95651
95701
95707
95713
95717
95723
95731
95737
70001
95747
70003
95773
37871
16871
70009
95783
16879
16883
37879
70019
95789
16889
37889
95791
95801
95803
95813
95819
95857
95869
95873
95881
95891
95911
95917
95923
95929
95947
95957
95959
95971
95987
95989
96001
96013
96017
96043
96053
96059
96079
96097
96137
96149
96157
96167
96179
96181
16901
96199
16903
16921
96211
16927
96221
37897
70039
16931
37907
37951
37957
37963
37967
37987
37991
37993
96223
70051
16937
37997
96233
16943
16963
16979
16981
16987
16993
17011
17021
17027
70061
38011
96259
96263
17029
70067
38039
96269
17033
70079
38047
96281
17041
70099
38053
96289
17047
70111
38069
96293
17053
70117
38083
96323
17077
70121
38113
96329
17093
70123
38119
96331
17099
70139
38149
96337
17107
70141
96353
96377
96401
96419
96431
96443
96451
96457
96461
96469
96479
96487
96493
96497
96517
96527
96553
96557
96581
96587
96589
96601
96643
96661
96667
96671
96697
96703
17117
17123
17137
96731
17159
96737
17167
38153
70157
96739
17183
38167
70163
96749
17189
38177
70177
96757
17191
38183
70181
96763
17203
70183
70199
70201
70207
70223
70229
70237
70241
70249
70271
70289
70297
70309
70313
70321
70327
70351
70373
70379
70381
70393
70423
70429
70439
70451
70457
70459
70481
70487
70489
38189
96769
17207
70501
38197
96779
17209
70507
38201
96787
17231
70529
38219
96797
17239
38231
38237
38239
38261
38273
38281
38287
38299
38303
70537
70549
96799
17257
38317
70571
96821
17291
38321
70573
96823
17293
17299
17317
17321
17327
17333
17341
17351
70583
70589
38327
96827
17359
70607
38329
96847
17377
70619
38333
96851
17383
70621
38351
96857
17387
70627
38371
96893
17389
70639
38377
96907
17393
70657
38393
96911
17401
38431
38447
38449
38453
38459
70663
96931
96953
96959
96973
96979
17417
38461
70667
96989
17419
38501
70687
96997
17431
38543
70709
97001
17443
38557
70717
97003
38561
38567
38569
38593
38603
38609
38611
38629
38639
17449
70729
97007
38651
38653
38669
17467
70753
70769
70783
70793
70823
70841
70843
70849
70853
97021
38671
17471
70867
97039
38677
17477
70877
97073
38693
17483
70879
97081
38699
17489
97103
97117
97127
97151
97157
97159
97169
97171
97177
97187
97213
97231
97241
97259
97283
97301
97303
97327
97367
97369
97373
70891
38707
17491
97379
70901
38711
17497
97381
70913
38713
97387
97397
97423
97429
97441
97453
97459
97463
97499
97501
97511
97523
97547
97549
97553
97561
97571
97577
97579
97583
97607
97609
97613
97649
97651
97673
97687
97711
97729
97771
97777
97787
97789
97813
70919
97829
70921
70937
97841
17509
38723
70949
70951
97843
17519
38729
70957
97847
17539
38737
70969
97849
17551
70979
70981
70991
70997
70999
71011
71023
71039
71059
71069
71081
71089
71119
71129
71143
71147
71153
71161
71167
71171
71191
71209
71233
71237
71249
71257
71261
71263
71287
97859
71293
38747
17569
97861
71317
38749
17573
97871
71327
38767
97879
97883
97919
97927
97931
97943
97961
97967
97973
97987
98009
98011
98017
98041
98047
98057
98081
98101
98123
98129
98143
98179
98207
98213
98221
98227
98251
98257
98269
98297
98299
98317
98321
98323
98327
71329
98347
71333
71339
71341
17579
38783
71347
98369
38791
38803
38821
38833
38839
38851
38861
38867
38873
38891
38903
38917
38921
38923
38933
38953
38959
38971
38977
38993
39019
39023
39041
39043
39047
39079
39089
39097
39103
39107
39113
39119
39133
39139
39157
39161
39163
39181
39191
39199
39209
39217
17581
71353
98377
17597
17599
17609
17623
17627
17657
17659
17669
17681
17683
17707
17713
39227
71359
98387
17729
39229
71363
98389
17737
39233
71387
98407
17747
39239
71389
17749
17761
17783
17789
98411
39241
71399
17791
39251
39293
39301
39313
39317
39323
39341
39343
39359
39367
39371
39373
39383
39397
39409
39419
39439
39443
39451
98419
71411
17807
39461
98429
71413
17827
39499
98443
71419
17837
39503
98453
71429
17839
39509
71437
71443
71453
71471
71473
71479
71483
71503
71527
71537
71549
71551
98459
17851
39511
98467
71563
17863
39521
98473
71569
17881
39541
71593
71597
71633
71647
71663
71671
71693
71699
71707
71711
71713
71719
71741
39551
71761
39563
71777
98479
17891
39569
71789
98491
17903
39581
71807
98507
17909
39607
71809
98519
17911
39619
71821
98533
17921
71837
71843
71849
71861
71867
71879
71881
71887
39623
98543
17923
71899
39631
98561
17929
71909
39659
98563
17939
71917
39667
98573
17957
71933
39671
98597
17959
71941
98621
98627
98639
98641
98663
98669
17971
39679
98689
71947
17977
39703
98711
71963
17981
39709
98713
71971
17987
39719
98717
71983
17989
98729
98731
98737
98773
98779
98801
98807
98809
98837
98849
98867
98869
98873
98887
98893
98897
98899
98909
98911
98927
98929
98939
98947
98953
98963
98981
98993
98999
99013
99017
99023
99041
71987
99053
39727
71993
18013
99079
99083
99089
99103
99109
99119
99131
99133
99137
39733
71999
18041
99139
39749
72019
18043
99149
39761
72031
99173
99181
99191
99223
99233
99241
99251
99257
99259
99277
99289
99317
99347
99349
99367
99371
99377
99391
99397
99401
99409
99431
99439
99469
99487
99497
99523
99527
99529
99551
39769
99559
39779
18047
99563
72043
18049
18059
18061
18077
18089
18097
18119
18121
18127
18131
18133
18143
39791
99571
72047
18149
39799
72053
72073
72077
72089
72091
72101
72103
72109
72139
72161
72167
99577
18169
39821
72169
99581
18181
39827
72173
99607
18191
39829
72211
99611
18199
39839
72221
99623
18211
39841
72223
99643
18217
39847
72227
99661
18223
39857
72229
99667
18229
39863
72251
99679
39869
39877
39883
39887
39901
39929
39937
39953
39971
39979
39983
39989
40009
40013
40031
18233
72253
99689
40037
18251
72269
99707
40039
18253
99709
72271
40063
18257
99713
72277
40087
18269
99719
72287
40093
18287
99721
72307
40099
99733
99761
99767
99787
99793
99809
99817
99823
99829
99833
99839
18289
72313
40111
99859
18301
72337
40123
99871
18307
72341
40127
99877
18311
40129
40151
40153
40163
40169
40177
40189
40193
40213
40231
40237
40241
40253
72353
72367
72379
72383
99881
18313
40277
72421
99901
99907
18329
40283
72431
99923
40289
40343
40351
40357
40361
40387
40423
40427
40429
40433
18341
72461
99929
40459
18353
72467
99961
40471
18367
72469
99971
40483
72481
72493
72497
72503
72533
72547
72551
72559
72577
72613
72617
72623
72643
72647
72649
72661
72671
72673
72679
72689
72701
18371
99989
40487
72707
18379
18397
18401
18413
18427
18433
18439
18443
18451
18457
18461
18481
18493
18503
18517
18521
18523
18539
18541
18553
18583
18587
18593
99991
40493
72719
18617
18637
40499
40507
72727
18661
40519
72733
18671
40529
40531
40543
40559
40577
40583
40591
40597
40609
40627
40637
40639
40693
40697
40699
40709
40739
40751
40759
40763
40771
40787
40801
40813
40819
72739
18679
40823
72763
18691
40829
72767
18701
40841
72797
18713
40847
72817
72823
72859
72869
72871
72883
72889
72893
72901
72907
72911
72923
72931
72937
72949
72953
72959
18719
40849
72973
18731
40853
72977
18743
40867
72997
18749
40879
73009
73013
73019
73037
73039
73043
73061
73063
73079
73091
73121
73127
73133
73141
73181
18757
73189
18773
40883
73237
18787
40897
73243
18793
18797
18803
40903
73259
18839
40927
40933
40939
40949
40961
40973
40993
41011
41017
41023
41039
41047
41051
41057
41077
41081
41113
41117
41131
41141
41143
41149
41161
41177
41179
41183
41189
41201
41203
41213
73277
18859
41221
41227
41231
41233
41243
41257
41263
41269
41281
41299
41333
41341
41351
41357
41381
41387
41389
41399
41411
41413
41443
41453
41467
73291
18869
41479
41491
41507
41513
41519
41521
41539
41543
41549
41579
41593
41597
41603
73303
41609
73309
41611
41617
41621
73327
41627
73331
41641
73351
18899
41647
41651
41659
41669
41681
41687
41719
41729
41737
41759
41761
73361
18911
41771
73363
73369
18913
18917
73379
18919
73387
18947
18959
18973
18979
19001
73417
73421
19009
73433
19013
19031
19037
73453
73459
19051
19069
73471
41777
19073
73477
41801
19079
73483
41809
19081
73517
41813
19087
73523
73529
73547
73553
73561
73571
73583
73589
73597
73607
73609
73613
73637
73643
73651
73673
73679
73681
73693
73699
73709
73721
73727
73751
73757
73771
73783
41843
19121
73819
41849
19139
73823
41851
19141
73847
41863
19157
73849
41879
41887
41893
41897
41903
41911
41927
41941
41947
41953
19163
73859
41957
19181
73867
41959
19183
73877
73883
73897
73907
73939
73943
73951
73961
73973
73999
74017
74021
74027
74047
74051
74071
74077
74093
74099
74101
74131
74143
74149
74159
74161
74167
74177
74189
41969
74197
19207
41981
74201
19211
41983
74203
19213
41999
74209
19219
42013
74219
19231
42017
74231
74257
74279
74287
74293
74297
74311
74317
74323
74353
74357
74363
74377
74381
74383
74411
74413
74419
74441
74449
74453
74471
74489
74507
74509
74521
74527
74531
74551
74561
74567
74573
74587
74597
74609
74611
74623
74653
74687
74699
74707
74713
74717
74719
74729
74731
74747
74759
74761
74771
19237
42019
74779
74797
74821
74827
74831
74843
74857
74861
74869
74873
74887
74891
74897
74903
74923
74929
74933
74941
74959
19249
19259
19267
19273
19289
19301
19309
19319
19333
19373
19379
19381
19387
19391
19403
19417
19421
19423
19427
19429
19433
19441
42023
19447
19457
19463
19469
19471
19477
19483
42043
19489
19501
19507
19531
19541
19543
19553
19559
19571
19577
19583
19597
19603
19609
19661
19681
19687
19697
19699
19709
19717
19727
19739
19751
19753
19759
19763
19777
19793
19801
19813
19819
19841
19843
42061
19853
19861
19867
19889
19891
19913
19919
19927
19937
42071
19949
42073
19961
42083
42089
42101
42131
42139
42157
42169
42179
19963
42181
42187
42193
42197
42209
42221
42223
42227
42239
42257
42281
42283
42293
42299
42307
42323
42331
42337
42349
42359
42373
42379
42391
42397
42403
42407
42409
42433
42437
42443
42451
42457
42461
42463
42467
42473
42487
42491
42499
42509
42533
42557
42569
42571
42577
19973
42589
42611
42641
42643
42649
42667
42677
42683
42689
42697
42701
42703
42709
42719
42727
42737
42743
42751
42767
42773
42787
42793
42797
42821
42829
42839
42841
42853
42859
42863
19979
42899
42901
42923
42929
42937
42943
42953
42961
42967
42979
42989
43003
19991
19993
19997
20011
20021
20023
20029
20047
20051
20063
20071
20089
20101
20107
43013
20113
43019
20117
43037
20123
43049
20129
43051
20143
43063
20147
43067
20149
43093
20161
43103
20173
43117
20177
43133
20183
20201
20219
20231
20233
20249
20261
43151
43159
20269
43177
20287
43189
43201
43207
43223
43237
43261
43271
43283
43291
43313
43319
43321
43331
43391
43397
43399
43403
43411
43427
43441
43451
43457
43481
43487
43499
43517
43541
43543
43573
43577
43579
43591
43597
20297
43607
20323
43609
20327
43613
20333
43627
43633
43649
43651
43661
20341
20347
20353
20357
20359
20369
20389
20393
20399
20407
20411
20431
20441
20443
43669
20477
43691
20479
43711
20483
43717
20507
43721
20509
43753
43759
43777
43781
20521
43783
20533
43787
20543
43789
20549
43793
20551
43801
20563
43853
43867
43889
43891
20593
43913
20599
43933
20611
43943
43951
43961
43963
43969
43973
43987
43991
43997
44017
20627
44021
20639
44027
20641
20663
20681
20693
20707
20717
20719
20731
20743
20747
20749
20753
20759
20771
20773
44029
20789
44041
20807
44053
20809
44059
20849
44071
44087
20857
44089
20873
44101
20879
44111
20887
44119
20897
44123
20899
44129
20903
20921
44131
20929
44159
20939
44171
20947
20959
20963
20981
20983
21001
21011
21013
21017
44179
21019
44189
21023
21031
21059
21061
21067
44201
44203
21089
44207
21101
44221
21107
44249
21121
44257
21139
44263
21143
44267
21149
44269
21157
44273
21163
44279
21169
44281
21179
44293
44351
44357
44371
44381
44383
44389
44417
44449
44453
44483
44491
44497
44501
44507
44519
44531
44533
44537
44543
44549
44563
21187
21191
21193
21211
21221
21227
21247
21269
21277
21283
21313
21317
44579
21319
44587
21323
44617
21341
44621
21347
44623
44633
44641
44647
44651
44657
44683
44687
44699
44701
44711
44729
44741
44753
44771
44773
21377
44777
21379
44789
21383
44797
44809
44819
44839
44843
44851
44867
44879
44887
44893
44909
44917
44927
44939
44953
44959
44963
44971
44983
44987
21391
45007
21397
45013
21401
45053
21407
45061
21419
45077
21433
45083
21467
45119
21481
45121
21487
45127
21491
45131
21493
45137
21499
21503
21517
21521
21523
45139
45161
45179
45181
45191
45197
45233
45247
45259
45263
45281
45289
45293
45307
45317
45319
45329
45337
45341
45343
45361
45377
45389
45403
45413
45427
45433
45439
45481
45491
45497
45503
45523
45533
45541
45553
45557
45569
45587
45589
45599
45613
45631
45641
45659
45667
21529
45673
21557
45677
21559
21563
21569
21577
45691
21587
45697
45707
45737
45751
45757
45763
45767
45779
45817
45821
45823
45827
45833
45841
45853
45863
45869
45887
45893
45943
45949
45953
45959
45971
21589
45979
21599
45989
46021
46027
46049
46051
46061
46073
46091
46093
46099
46103
21601
46133
46141
46147
21611
46153
21613
46171
21617
21647
21649
21661
21673
21683
21701
21713
21727
46181
21737
46183
21739
46187
46199
46219
46229
46237
46261
46271
46273
46279
46301
46307
46309
46327
46337
21751
46349
21757
46351
46381
46399
46411
46439
46441
46447
46451
46457
46471
46477
46489
46499
46507
46511
46523
46549
46559
46567
46573
21767
46589
21773
46591
46601
46619
21787
46633
21799
46639
21803
21817
21821
21839
21841
21851
21859
21863
46643
21871
46649
46663
46679
46681
46687
46691
46703
46723
46727
46747
46751
46757
46769
46771
46807
46811
46817
46819
21881
46829
21893
46831
21911
46853
21929
46861
21937
46867
21943
46877
21961
46889
21977
46901
21991
21997
22003
22013
22027
46919
22031
46933
46957
46993
46997
47017
47041
47051
47057
47059
47087
47093
47111
47119
47123
47129
47137
47143
47147
47149
47161
47189
47207
47221
47237
47251
47269
47279
47287
47293
47297
47303
47309
47317
47339
47351
22037
47353
22039
47363
22051
47381
22063
47387
47389
47407
47417
47419
47431
47441
47459
47491
47497
47501
47507
47513
47521
22067
47527
22073
47533
47543
47563
47569
47581
47591
47599
47609
47623
47629
47639
47653
47657
47659
47681
47699
47701
47711
47713
47717
47737
47741
22079
47743
22091
47777
22093
47779
22109
47791
22111
47797
22123
47807
22129
22133
22147
47809
22153
47819
47837
47843
47857
47869
47881
47903
47911
47917
47933
47939
47947
47951
47963
47969
47977
47981
48017
48023
48029
48049
48073
48079
48091
48109
48119
48121
48131
48157
48163
48179
48187
22157
48193
22159
48197
22171
48221
22189
48239
22193
48247
22229
22247
22259
22271
22273
22277
48259
22279
48271
22283
22291
22303
22307
22343
22349
22367
22369
22381
22391
22397
22409
22433
22441
22447
48281
22453
48299
22469
48311
22481
48313
22483
48337
22501
22511
48341
22531
48353
22541
48371
22543
48383
22549
48397
22567
48407
22571
48409
22573
22613
22619
22621
22637
48413
22639
48437
48449
48463
48473
48479
48481
48487
48491
48497
48523
48527
48533
48539
48541
48563
48571
48589
48593
48611
48619
48623
48647
48649
22643
48661
22651
48673
48677
22669
22679
48679
22691
48731
48733
48751
22697
48757
22699
48761
22709
22717
22721
22727
48767
22739
48779
48781
48787
48799
48809
48817
48821
48823
48847
48857
48859
48869
48871
48883
48889
48907
48947
48953
48973
48989
48991
49003
49009
22741
49019
22751
49031
22769
49033
22777
49037
22783
49043
22787
49057
22807
49069
22811
49081
22817
49103
22853
49109
49117
49121
49123
49139
49157
49169
49171
49177
22859
49193
22861
49199
22871
22877
22901
22907
22921
22937
22943
22961
22963
22973
22993
23003
49201
49207
49211
49223
49253
49261
49277
49279
49297
49307
23011
49331
23017
49333
23021
49339
49363
49367
49369
49391
49393
49409
49411
49417
49429
49433
49451
49459
49463
49477
49481
49499
49523
49529
49531
49537
49547
49549
49559
49597
49603
49613
49627
49633
49639
49663
49667
49669
49681
49697
49711
49727
49739
49741
23027
49747
49757
49783
49787
49789
49801
49807
49811
49823
49831
49843
49853
49871
49877
49891
49919
49921
49927
49937
49939
49943
49957
49991
49993
49999
23029
23039
23041
23053
23057
23059
23063
23071
23081
23087
23099
23117
23131
23143
23159
23167
23173
23189
23197
23201
23203
23209
23227
23251
23269
23279
23291
23293
23297
23311
23321
23327
23333
23339
23357
23369
23371
23399
23417
23431
23447
23459
23473
23497
23509
23531
23537
23539
23549
23557
23561
23563
23567
23581
23593
23599
23603
23609
23623
23627
23629
23633
23663
23669
23671
23677
23687
23689
23719
23741
23743
23747
23753
23761
23767
23773
23789
23801
23813
23819
23827
23831
23833
23857
23869
23873
23879
23887
23893
23899
23909
23911
23917
23929
23957
23971
23977
23981
23993
24001
24007
24019
24023
24029
24043
24049
24061
24071
24077
24083
24091
24097
24103
24107
24109
24113
24121
24133
24137
24151
24169
24179
24181
24197
24203
24223
24229
24239
24247
24251
24281
24317
24329
24337
24359
24371
24373
24379
24391
24407
24413
24419
24421
24439
24443
24469
24473
24481
24499
24509
24517
24527
24533
24547
24551
24571
24593
24611
24623
24631
24659
24671
24677
24683
24691
24697
24709
24733
24749
24763
24767
24781
24793
24799
24809
24821
24841
24847
24851
24859
24877
24889
24907
24917
24919
24923
24943
24953
24967
24971
24977
24979
24989
